0.0
0.0
0.0
0.0
0.0
0.0
0.0
0.0
0.0
0.0
0.0
0.0
0.0
0.0
0.0
2.124
0.0
0.0
0.0
0.0
1.998
0.0
0.0
1.921
0.0
0.0
0.0
0.0
1.799
0.0
1.747
0.0
3.375
1.673
3.295
1.623
0.0
1.572
3.084
0.0
11.982
2.929
11.502
8.53
15.353
16.399
17.461
21.051
34.91
43.084
47.156
50.696
82.257
87.984
97.253
112.428
147.969
173.313
218.297
288.826
357.831
400.268
469.412
574.879
627.316
688.68
719.484
743.625
751.683
740.616
721.817
700.451
683.146
659.684
637.528
614.256
590.419
566.617
542.688
518.952
494.03
469.399
445.223
420.817
396.208
371.397
346.798
322.245
297.386
272.485
247.778
222.977
198.163
173.25
148.434
123.535
98.615
73.75
48.844
23.913
