0.0
0.0
0.0
0.0
0.0
0.0
0.0
0.0
0.0
0.0
0.0
0.0
0.0
0.0
0.0
0.0
0.0
0.0
0.0
0.0
0.0
0.0
0.0
0.0
0.0
0.0
0.0
0.0
0.0
0.0
0.0
3.447
1.698
3.327
3.293
3.235
6.394
1.574
1.549
4.537
5.991
10.304
10.128
14.175
15.283
17.765
20.124
36.842
23.111
41.436
40.957
61.362
80.259
83.049
127.261
138.64
152.584
224.985
235.077
261.991
338.576
428.277
490.632
542.428
653.22
703.211
732.397
737.045
746.632
737.553
721.586
702.17
682.284
660.084
636.786
613.91
590.645
566.891
542.709
518.62
494.211
469.681
445.366
420.648
396.093
371.53
346.827
322.174
297.403
272.544
247.728
222.97
198.069
173.261
148.36
123.449
98.635
73.709
48.833
23.925
