0.0
0.0
0.0
0.0
0.0
0.0
0.0
0.0
0.0
0.0
0.0
0.0
0.0
0.0
0.0
0.0
0.0
2.074
0.0
0.0
0.0
0.0
0.0
0.0
0.0
0.0
0.0
1.824
5.389
1.774
0.0
0.0
0.0
5.019
3.295
0.0
7.981
1.572
6.164
10.647
4.495
22.066
8.668
17.034
16.748
23.281
34.874
15.704
23.163
51.757
48.215
59.452
66.475
85.259
105.133
130.754
147.347
165.362
230.659
307.278
346.933
417.516
488.433
556.707
619.388
697.262
717.695
745.66
749.246
739.936
722.598
702.837
681.895
660.348
638.231
613.603
590.749
567.095
542.842
518.637
494.359
469.834
445.186
420.86
396.439
371.578
346.78
322.104
297.414
272.605
247.767
222.869
198.164
173.19
148.404
123.535
98.671
73.717
48.839
23.923
