0.0
0.0
0.0
0.0
0.0
0.0
0.0
0.0
0.0
0.0
0.0
0.0
0.0
0.0
0.0
0.0
0.0
0.0
0.0
0.0
0.0
0.0
0.0
0.0
0.0
0.0
0.0
1.824
0.0
0.0
0.0
0.0
1.699
1.674
8.21
3.243
0.0
6.294
0.0
4.568
5.995
14.7
14.463
12.728
15.288
25.881
21.511
35.558
36.108
45.612
39.719
87.051
70.904
82.802
96.724
116.849
144.265
196.741
232.982
271.821
310.923
428.893
479.184
559.135
636.19
681.747
734.82
746.896
737.112
741.48
722.934
703.342
681.73
660.146
636.737
614.181
590.923
566.579
542.829
518.486
494.478
469.911
445.422
420.869
396.169
371.539
346.87
322.003
297.29
272.605
247.741
222.908
198.071
173.254
148.418
123.506
98.62
73.761
48.836
23.936
