0.0
0.0
0.0
0.0
4.1666666666666665e-05
0.0
0.0
0.00012903225806451613
0.00017391304347826085
0.00013186813186813188
0.0006666666666666666
0.000449438202247191
0.000818181818181818
0.0013793103448275852
0.0011162790697674416
0.0018352941176470595
0.0027142857142857134
0.0029879518072289165
0.004097560975609758
0.0045925925925926
0.005749999999999994
0.009164556962025327
0.013025641025641004
0.013922077922077909
0.016894736842105233
0.12378666666666595
0.03054054054054044
0.0333150684931505
0.1422222222222213
0.050731981981981984
0.06314285714285696
0.18614492753623021
0.11376470588235378
0.12776119402985164
0.3464242424242447
0.28707692307692506
0.6275
0.37523809523809915
0.6455483870967713
0.995540983606558
0.9874666666666654
1.0124067796610179
1.241241379310346
1.9207719298245594
2.0978571428571406
2.604436363636355
3.128222222222223
3.798641509433957
5.715538461538462
5.810039215686272
8.485280000000008
11.140816326530606
14.416833333333349
17.26493617021275
21.642434782608667
28.37226666666666
36.76827272727275
47.86979553903348
56.02492863939112
64.82712195121947
72.46420000000006
80.36615384615399
84.02
88.41978378378371
91.43388888888897
92.64674285714314
94.07494117647057
95.165333333333
95.804375
96.39754838709652
96.99919999999989
97.32496551724141
97.68757142857162
97.98711111111115
98.27369230769253
98.34959999999934
98.45800000000003
98.66104347826075
98.5967272727269
98.86933333333343
98.87820000000019
98.90800000000027
98.97244444444495
99.01623529411665
99.08025
99.11039999999934
99.10314285714264
99.1707692307691
99.1396666666669
99.12690909090873
99.09040000000027
99.08622222222272
99.0685
98.98285714285652
98.95333333333295
98.87199999999852
98.63
98.32933333333395
97.66
95.664
