0.0
0.0
0.0
0.0
0.0
0.0
0.0
0.0
0.0
0.0
0.0
0.0
0.0
0.0
0.0
0.0
0.0047619047619047615
0.0
0.0
0.0
0.0
0.010126582278481013
0.0
0.05194805194805195
0.031578947368421054
0.016
0.016216216216216217
0.03835616438356164
0.04444444444444444
0.039414414414414414
0.02857142857142857
0.0811594202898551
0.08823529411764706
0.08955223880597013
0.13333333333333333
0.31999999999999995
0.19375
0.3365079365079365
0.2774193548387097
0.3344262295081967
0.58
0.5084745762711864
0.46206896551724136
0.8982456140350876
0.5928571428571427
1.3963636363636363
1.6592592592592592
1.6905660377358491
21.684615384615388
2.556862745098039
3.6079999999999997
7.265306122448981
8.000000000000002
10.059574468085106
22.03478260869565
26.115555555555556
18.09090909090909
55.622676579925646
56.7745004757374
81.65853658536585
72.02
80.04102564102564
87.54736842105264
84.01081081081081
92.61111111111111
92.03428571428572
96.41176470588235
92.0
93.8875
96.25806451612902
97.53333333333333
98.67586206896551
98.2
98.14814814814814
96.66153846153846
97.58400000000002
98.95
98.76521739130435
98.36363636363636
98.91428571428573
98.11999999999999
99.49473684210525
99.06666666666665
99.27058823529411
98.975
99.30666666666667
98.99999999999999
99.10769230769232
98.83333333333334
99.38181818181818
99.2
98.97777777777777
99.35
98.97142857142858
99.06666666666666
98.72
98.9
98.39999999999999
97.6
96.0
0.0
0.0
0.0
0.0
0.0
0.0
0.0
0.0
0.0
0.0
0.0
0.0
0.0
0.0
0.004651162790697674
0.0
0.0
0.0
0.0
0.0
0.0
0.010126582278481013
0.020512820512820513
0.031168831168831172
0.0
0.010666666666666668
0.06486486486486487
0.021917808219178082
0.03888888888888888
0.033783783783783786
0.10285714285714287
0.05797101449275362
0.11176470588235295
0.04776119402985075
0.17575757575757572
0.17846153846153848
0.4
0.22222222222222224
0.2903225806451613
0.42622950819672134
0.3533333333333334
0.488135593220339
0.8068965517241379
10.547368421052632
0.8357142857142857
1.3163636363636364
1.385185185185185
2.0150943396226415
2.9769230769230774
14.541176470588235
14.544000000000002
4.612244897959182
17.708333333333336
15.089361702127656
20.452173913043474
21.395555555555553
40.81818181818181
55.88289962825279
66.5556612749762
65.2
74.61
70.42051282051283
84.92631578947369
94.90810810810811
88.1
91.62285714285714
95.81176470588237
92.80000000000001
94.5625
97.16129032258065
96.70666666666668
97.04827586206895
97.72857142857143
98.48888888888888
98.76923076923076
98.99199999999999
97.65
98.29565217391306
99.01818181818183
98.62857142857143
97.38000000000001
98.98947368421054
99.04444444444445
98.68235294117648
99.075
98.37333333333333
99.22857142857143
99.1076923076923
98.66666666666667
99.05454545454545
99.24000000000001
98.79999999999998
98.85
99.02857142857144
99.13333333333334
98.56000000000003
98.5
98.66666666666666
98.0
95.6
0.0
0.0
0.0
0.0
0.0
0.0
0.0
0.0
0.0
0.0
0.0
0.0
0.0
0.0
0.004651162790697674
0.0
0.0
0.0
0.00975609756097561
0.0
0.0
0.0
0.0
0.02077922077922078
0.005263157894736842
0.032
0.021621621621621623
0.0273972602739726
0.07222222222222223
0.06193693693693693
0.12
0.06376811594202898
0.08823529411764706
0.15522388059701492
0.17575757575757575
0.11692307692307694
0.25
0.4
0.4322580645161289
0.44590163934426225
0.5533333333333335
0.6101694915254239
0.6206896551724138
0.5684210526315789
0.8357142857142856
1.2945454545454544
1.325925925925926
12.747169811320756
2.269230769230769
12.721568627450981
4.528
13.665306122448982
4.799999999999999
25.727659574468085
9.765217391304347
20.57777777777778
50.17272727272727
57.15613382899628
63.38725023786869
68.3219512195122
68.47999999999999
74.55384615384614
90.18947368421053
86.42162162162161
92.05555555555557
97.93142857142857
96.54117647058823
94.48484848484848
96.3
97.2258064516129
97.25333333333336
95.48965517241382
98.50000000000001
99.00740740740738
98.13846153846154
98.768
98.23333333333333
98.7304347826087
98.63636363636365
98.47619047619048
98.64
97.89473684210526
99.2
98.91764705882352
99.35
99.01333333333335
99.54285714285712
99.04615384615386
99.2
98.9090909090909
99.20000000000002
99.06666666666665
99.2
98.91428571428573
98.86666666666665
98.80000000000001
98.5
97.73333333333332
97.6
96.0
