0.0
0.0
0.0
0.0
0.0
4.210526315789474e-05
0.0001276595744680851
4.301075268817205e-05
0.00013043478260869564
0.0003076923076923077
8.888888888888889e-05
0.0004943820224719101
0.000818181818181818
0.0009195402298850572
0.0012558139534883724
0.0017882352941176476
0.0020476190476190485
0.003614457831325304
0.004097560975609759
0.005925925925925931
0.006849999999999991
0.01027848101265824
0.1121538461538468
0.012571428571428555
0.019894736842105274
0.02853333333333338
0.02902702702702695
0.03698630136986286
0.04422222222222243
0.15411036036036094
0.06165714285714268
0.1772753623188395
0.19705882352941323
0.3208955223880595
0.35212121212121456
0.28861538461538644
0.425125
0.5811428571428598
0.6434193548387136
0.7006557377049178
1.305
1.2736949152542352
1.4339310344827583
1.9247017543859548
2.1221428571428564
2.793309090909085
3.7140000000000017
4.533811320754714
4.878384615384615
7.47105882352941
8.717759999999988
10.063755102040803
14.410499999999985
18.49736170212766
22.892434782608696
30.337777777777788
37.02445454545454
44.304368029739805
54.69638439581353
63.5977560975608
72.58009999999996
79.59887179487194
83.82715789473694
86.91578378378394
90.81011111111121
92.21668571428582
94.43799999999985
94.68727272727256
96.018125
96.69974193548363
97.02800000000005
97.3081379310346
97.69214285714301
97.90429629629655
98.3115384615386
98.45183999999962
98.57316666666665
98.61617391304331
98.67327272727253
98.7205714285714
98.87220000000033
98.91347368421089
99.01933333333399
99.04611764705798
99.09375
99.02933333333284
99.14457142857133
99.13476923076925
99.13000000000022
99.13199999999956
99.08320000000022
99.09422222222277
99.0255
99.02514285714224
98.92999999999962
98.81359999999869
98.663
98.32800000000057
97.678
95.688
