0.0
0.0
0.0
0.0
0.0
0.0
0.0
0.0
0.0
0.0
0.0
0.0
0.0
0.0
0.0
0.0
0.0
0.0
0.0
0.0
0.0
0.0
1.949
0.0
1.899
0.0
0.0
1.824
1.797
1.774
0.0
5.172
0.0
1.673
1.642
3.245
3.192
6.271
4.645
9.126
2.992
2.933
12.989
8.524
12.579
10.899
16.054
30.268
33.687
56.777
48.161
68.557
75.905
71.409
97.496
127.148
173.527
191.016
243.089
266.429
345.596
424.658
470.714
552.549
631.565
687.622
725.638
748.248
751.932
736.578
719.492
702.704
682.144
660.427
637.483
614.256
590.5
566.993
542.683
518.399
494.105
469.582
445.379
420.846
396.06
371.337
346.869
322.165
297.258
272.652
247.726
222.91
198.096
173.255
148.362
123.522
98.67
73.751
48.823
23.928
