0.0
0.0
0.0
0.0
0.0
0.0
0.0
0.0
0.0
0.0
0.0
0.0
0.0
0.0
0.0
0.0
0.0
0.0
0.0
0.0
0.0
0.0
0.0
0.0
0.0
0.0
18.45
0.0
0.0
0.0
0.0
0.0
0.0
16.74
0.0
0.0
0.0
0.0
0.0
0.0
0.0
0.0
0.0
14.21
13.98
26.86
26.82
13.17
38.65
12.54
73.88
84.75
95.18
91.37
103.02
128.55
95.77
201.25
257.86
238.63
366.91
416.98
462.03
546.14
668.9
694.01
744.47
751.44
752.25
734.5
726.7
703.66
686.74
662.68
637.64
612.63
592.01
565.36
542.27
518.42
493.82
470.2
445.71
420.81
395.84
371.76
347.22
322.15
297.26
272.58
247.77
223.08
198.18
173.14
148.22
123.6
98.6
73.72
48.86
23.91
