0.0
25.0
50.0
75.0
100.0
125.0
150.0
175.0
200.01
225.0
250.02
275.0
300.0
325.02
350.0
375.01
400.06
425.09
450.05
475.15
500.21
525.15
550.29
575.22
600.61
625.33
650.67
675.75
700.78
726.0
750.97
776.72
802.0
843.81
852.37
878.33
904.03
929.15
970.35
980.32
1007.42
1034.13
1073.44
1087.3
1116.42
1144.17
1187.87
1239.8
1270.69
1325.68
1379.26
1378.83
1476.9
1498.66
1601.81
1715.65
1827.35
1898.34
2040.43
2072.41
2225.93
2304.98
2355.82
2382.88
2412.93
2431.6
2449.22
2464.23
2472.36
2473.98
2480.02
2481.82
2485.21
2488.85
2489.31
2490.09
2491.5
2491.13
2493.55
2493.13
2493.96
2494.89
2495.67
2496.53
2496.29
2496.99
2496.61
2497.32
2497.13
2497.51
2497.8
2498.06
2498.41
2498.32
2498.38
2498.61
2498.73
2498.61
2498.84
2498.91
