0.0
25.0
50.0
75.0
100.0
125.0
150.0
175.0
200.0
225.0
250.0
275.0
300.0
325.0
350.0
375.0
400.0
425.0
450.7
475.1
500.2
525.1
550.6
575.5
600.1
625.1
650.3
675.8
701.0
725.8
750.3
775.7
801.2
828.1
852.5
878.5
903.9
929.8
956.9
983.0
1008.7
1039.5
1058.8
1225.6
1130.4
1139.1
1173.0
1197.5
1236.3
1260.5
1422.9
1339.2
1610.0
1458.8
1548.3
1659.7
1768.5
1993.6
2116.1
2042.2
2189.4
2317.9
2352.1
2343.1
2433.3
2477.0
2453.5
2474.4
2464.5
2460.2
2491.7
2470.1
2468.9
2489.1
2490.3
2485.8
2490.2
2489.7
2496.5
2492.7
2496.5
2492.1
2494.1
2497.6
2496.0
2494.6
2497.8
2497.5
2498.0
2497.0
2496.4
2497.9
2498.0
2498.0
2498.2
2498.6
2498.5
2498.8
2498.7
2498.9
